FMT1 0 592314044746366977 1
FMT1 0 594847611661619200 1
FMT1 0 592370576158642176 1
FMT1 0 592196353381388289 1
FMT1 0 592337850429001729 1
FMT1 0 591999611184680961 1
FMT1 0 592001984951029760 1
FMT1 0 595225357713707008 1
FMT1 0 594797340126392321 1
FMT1 0 592270761898811392 1
FMT1 0 595508030252298241 1
FMT1 0 592677666144288769 1
FMT1 0 592530052727832576 1
FMT1 0 595614162581102593 1
FMT1 0 591976580232052736 1
FMT1 0 596178204341227520 1
FMT1 0 592244636325978112 1
FMT1 0 592315161282678784 1
FMT1 0 595548774547791872 1
FMT1 0 592363638003867648 1
FMT1 0 592722367044067330 1
FMT1 0 596120468287000576 1
FMT1 0 592394238320447488 1
FMT1 0 592286837944619008 1
FMT1 0 592216632954486786 1
FMT1 0 592323037246066688 1
FMT1 0 592548743204962304 1
FMT1 0 591994540166250497 1
FMT1 0 593328604764835840 1
FMT1 0 594819145880838144 1
FMT1 0 592552943125041152 1
FMT1 0 592154692970385408 1
FMT1 0 592478202473287680 1
FMT1 0 592283358391996416 1
FMT1 0 592518203609370624 1
FMT1 0 592040884427890688 1
FMT1 0 594357822155935744 1
FMT1 0 593878459249745921 1
FMT1 0 592682158814339072 1
FMT1 0 592615081138999297 1
FMT1 0 592346465340559360 1
FMT1 0 592245464700833792 1
FMT1 0 592199197446770689 1
FMT1 0 593987954730606593 1
FMT1 0 593279531705733120 1
FMT1 0 595447462644436993 1
FMT1 0 592293865148837889 1
FMT1 0 596641912599224322 1
FMT1 0 594447666089631744 1
FMT1 0 595596067539845120 1
FMT1 0 593719759482462208 1
FMT1 0 592206288857108482 1
FMT1 0 593113700355047424 1
FMT1 0 595233222939705344 1
FMT1 0 592751043164938240 1
FMT1 0 592033004001726464 1
FMT1 0 592927680938389504 1
FMT1 0 593626406040502272 1
FMT1 0 597262790953414658 1
FMT1 0 593047067477553153 1
FMT1 0 592370309757435904 1
FMT1 0 594844680292069376 1
FMT1 0 592706746663182336 1
FMT1 0 592346586946080768 1
FMT1 0 593347998563717120 1
FMT1 0 594000027359571968 1
FMT1 0 592336681228865538 1
FMT1 0 593120182018519041 1
FMT1 0 592377039522430976 1
FMT1 0 595238005385928704 1
FMT1 0 592577300287229952 1
FMT1 0 592560736855011330 1
FMT1 0 592312666883895296 1
FMT1 0 593086508078235649 1
FMT1 0 591974595525128195 1
FMT1 0 592308226323976192 1
FMT1 0 592210395663728641 1
FMT1 0 592301294972350466 1
FMT1 0 592379318744981505 1
FMT1 0 592295807371476993 1
FMT1 0 595106294597492736 1
FMT1 0 594053999776563200 1
FMT1 0 595655032466452480 1
FMT1 0 596604497327161346 1
FMT1 0 592035712465129472 1
FMT1 0 592249577006239744 1
FMT1 0 596868490264334336 1
FMT1 0 591978910713139202 1
FMT1 0 593033300559601664 1
FMT1 0 592566314855735296 1
FMT1 0 596979917666955264 1
FMT1 0 592698989507715075 1
FMT1 0 592356425214492672 1
FMT1 0 595393904779735040 1
FMT1 0 595519402625343488 1
FMT1 0 592379594310692864 1
FMT1 0 592362464601182208 1
FMT1 0 592579854916128768 1
FMT1 0 594356276202606592 1
FMT1 0 596551022148911104 1
FMT1 0 596850275522125824 1
FMT1 0 592245742774849537 1
FMT1 0 593672821076668416 1
FMT1 0 592529185588948993 1
FMT1 0 592377841251012608 1
FMT1 0 592342335406505987 1
FMT1 0 594559542140121089 1
FMT1 0 592961661125861376 1
FMT1 0 592542569537654784 1
FMT1 0 591991666526957568 1
FMT1 0 592628956584521728 1
FMT1 0 594185002654371840 1
FMT1 0 592393075189657600 1
FMT1 0 596237206764785664 1
FMT1 0 594520254862110720 1
FMT1 0 595156404689711104 1
FMT1 0 592637788681424896 1
FMT1 0 592564683682422784 1
FMT1 0 592473110135214080 1
FMT1 0 593329284925685760 1
FMT1 0 597032034087800833 1
FMT1 0 592336609548337152 1
FMT1 0 592298894471528448 1
FMT1 0 592147423683678208 1
FMT1 0 592325073165389826 1
FMT1 0 593731671658090497 1
FMT1 0 595568436773658625 1
FMT1 0 594522150775693313 1
FMT1 0 594148390667210752 1
FMT1 0 592196446797090816 1
FMT1 0 595607707224268800 1
FMT1 0 592218605044912128 1
FMT1 0 592373593394323459 1
FMT1 0 592548359484801024 1
FMT1 0 592754517336260609 1
FMT1 0 593692297927086080 1
FMT1 0 595790108588187648 1
FMT1 0 597217972818608128 1
FMT1 0 593675903718264832 1
FMT1 0 595782092816015362 1
FMT1 0 593339542754594816 1
FMT1 0 592141305343381505 1
FMT1 0 592628242831450112 1
FMT1 0 592628934358863872 1
FMT1 0 592758683685224448 1
FMT1 0 597320148622544896 1
FMT1 0 595171022422286336 1
FMT1 0 592514495890608128 1
FMT1 0 592197933690261504 1
FMT1 0 592915520954839041 1
FMT1 0 592258807683686400 1
FMT1 0 595450441984532482 1
FMT1 0 592207027549540353 1
FMT1 0 592048956089106432 1
FMT1 0 594073199698157568 1
FMT1 0 593563208989835264 1
FMT1 0 592223073996124160 1
FMT1 0 592258310696501248 1
FMT1 0 591992777736499200 1
FMT1 0 595090432960270336 1
FMT1 0 592317382590210050 1
FMT1 0 595240751832834048 1
FMT1 0 594457792947228672 1
FMT1 0 592375842849759234 1
FMT1 0 595595582984560640 1
FMT1 0 592018368279908352 1
FMT1 0 594885937273950209 1
FMT1 0 595249416455397376 1
FMT1 0 593338602311983104 1
FMT1 0 592371475799146496 1
FMT1 0 595571457343803393 1
FMT1 0 592198032810123264 1
FMT1 0 593977204351979520 1
FMT1 0 594932647689887744 1
FMT1 0 592262004263424002 1
FMT1 0 594039230889852928 1
FMT1 0 593625799476940800 1
FMT1 0 597059598495797248 1
FMT1 0 593801156226224128 1
FMT1 0 592015991573360640 1
FMT1 0 592016672355061760 1
FMT1 0 597099456715202561 1
FMT1 0 597098250705993729 1
FMT1 0 592381687478235136 1
FMT1 0 594747925063839744 1
FMT1 0 592334656634101760 1
FMT1 0 592617243516604416 1
FMT1 0 592380080636104704 1
FMT1 0 594422683384680448 1
FMT1 0 592206189028511745 1
FMT1 0 596021194333298688 1
FMT1 0 592031700697255936 1
FMT1 0 592588449619648512 1
FMT1 0 592557120505024512 1
FMT1 0 592188043785678848 1
FMT1 0 592643776625123328 1
FMT1 0 592394905571307520 1
FMT1 0 592388575934611456 1
FMT1 0 592372482159431680 1
FMT1 0 592679798817816576 1
FMT1 0 592386421630967808 1
FMT1 0 596561811987562497 1
FMT1 0 592241031162105856 1
FMT1 0 593032054310187008 1
FMT1 0 592332639589113856 1
FMT1 0 592503079871741952 1
FMT1 0 594590425802878977 1
FMT1 0 592049216568066049 1
FMT1 0 594321019344588800 1
FMT1 0 591990204983971840 1
FMT1 0 594866016536035328 1
FMT1 0 592021167046819841 1
FMT1 0 592939432375889920 1
FMT1 0 592086812593557504 1
FMT1 0 592386580259610624 1
FMT1 0 594862568193302529 1
FMT1 0 592229010060410880 1
FMT1 0 592517115875168256 1
FMT1 0 592594537232629760 1
FMT1 0 592971847131500544 1
FMT1 0 592331307880878080 1
FMT1 0 592581592515612672 1
FMT1 0 594317019526270977 1
FMT1 0 595884466993659904 1
FMT1 0 592224931875794944 1
FMT1 0 592137179234631680 1
FMT1 0 592271940242444289 1
FMT1 0 594735531369467904 1
FMT1 0 592363863720333312 1
FMT1 0 592027147243401216 1
FMT1 0 592293186778705920 1
FMT1 0 592370905885605889 1
FMT1 0 592097046309441537 1
FMT1 0 593054853573713920 1
FMT1 0 592361423352696832 1
FMT1 0 592354706619437056 1
FMT1 0 592314971700105217 1
FMT1 0 592170761382596609 1
FMT1 0 592211633142796288 1
FMT1 0 592345106625232896 1
FMT1 0 592066101166616577 1
FMT1 0 592247418374094848 1
FMT1 0 592370226789908482 1
FMT1 0 594379229363474433 1
FMT1 0 592215865992568832 1
FMT1 0 592261510048522242 1
FMT1 0 593253613583106048 1
FMT1 0 592206570974416897 1
FMT1 0 593779418268442626 1
FMT1 0 593629757482344451 1
FMT1 0 592376177186091008 1
FMT1 0 592520896364949505 1
FMT1 0 596998548559794177 1
FMT1 0 592525041876783104 1
FMT1 0 592349610988843008 1
FMT1 0 593757152524652545 1
FMT1 0 594375298986029056 1
FMT1 0 594521827394859008 1
FMT1 0 592248331339898880 1
FMT1 0 596869847956332544 1
FMT1 0 595879644127227904 1
FMT1 0 597096003217412096 1
FMT1 0 592179384385024000 1
FMT1 0 592217368375402496 1
FMT1 0 594517603634184192 1
FMT1 0 592217003164868608 1
FMT1 0 593248853433810945 1
FMT1 0 592202500435902467 1
FMT1 0 592251449054076928 1
FMT1 0 592272296863215616 1
FMT1 0 592621963530539009 1
FMT1 0 591997966010855424 1
FMT1 0 593385831039045632 1
FMT1 0 592757889535737860 1
FMT1 0 592274977384075264 1
FMT1 0 593635482841567232 1
FMT1 0 592917869224194048 1
FMT1 0 592068279033794561 1
FMT1 0 592387366448312320 1
FMT1 0 592352765415817216 1
FMT1 0 594890564241264640 1
FMT1 0 593725689976655872 1
FMT1 0 592349624666427392 1
FMT1 0 594094825495900160 1
FMT1 0 592242055788658688 1
FMT1 0 592262151416459264 1
FMT1 0 593087048539443200 1
FMT1 0 594524854226817024 1
FMT1 0 592283024668131328 1
FMT1 0 596548670587305984 1
FMT1 0 592156478422712320 1
FMT1 0 592278726328463360 1
FMT1 0 593763072440868865 1
FMT1 0 596707541419106305 1
FMT1 0 596503964046196736 1
FMT1 0 594600830679916544 1
FMT1 0 592125028558184448 1
FMT1 0 592358725773430785 1
FMT1 0 593431945079578624 1
FMT1 0 592282804114870272 1
FMT1 0 592285545444679681 1
FMT1 0 592618355191730177 1
FMT1 0 592045569591234560 1
FMT1 0 592008765039247360 1
FMT1 0 592217837361442816 1
FMT1 0 592250977043910656 1
FMT1 0 592674856279355393 1
FMT1 0 592049417856909314 1
FMT1 0 592552601767448577 1
FMT1 0 592627440129703936 1
FMT1 0 592340961243435008 1
FMT1 0 592375107860996097 1
FMT1 0 592340100538761217 1
FMT1 0 596232798387699712 1
FMT1 0 591993859736870912 1
FMT1 0 592828231167954945 1
FMT1 0 594519534603603968 1
FMT1 0 593561919451070464 1
FMT1 0 592049561398480896 1
FMT1 0 595829553295138817 1
FMT1 0 593754597589708800 1
FMT1 0 592254742979444736 1
FMT1 0 594183635026186240 1
FMT1 0 592715615011495937 1
FMT1 0 592288174677757952 1
FMT1 0 592894367137996801 1
FMT1 0 594096352650362880 1
FMT1 0 592302023510360067 1
FMT1 0 593679659662868480 1
FMT1 0 594466563538849793 1
FMT1 0 594675929953087489 1
FMT1 0 592208546428637185 1
FMT1 0 595627879414648832 1
FMT1 0 592588882530705408 1
FMT1 0 592215372582891520 1
FMT1 0 593354894280523776 1
FMT1 0 593227012904341504 1
FMT1 0 592328192804790272 1
FMT1 0 592381779849314304 1
FMT1 0 592219443742134272 1
FMT1 0 594784764684414976 1
FMT1 0 592486865535520768 1
FMT1 0 594848076092874754 1
FMT1 0 592024069446348800 1
FMT1 0 593103590966722561 1
FMT1 0 592058423933440000 1
FMT1 0 592190504470589440 1
FMT1 0 592392763263426560 1
FMT1 0 592382796355604481 1
FMT1 0 594224366008709120 1
FMT1 0 596668978677833728 1
FMT1 0 593273232246976514 1
FMT1 0 592867895392206849 1
FMT1 0 595911191475712000 1
FMT1 0 592347374044852224 1
FMT1 0 592392698125946880 1
FMT1 0 592005225709461505 1
FMT1 0 597015267323949057 1
FMT1 0 597385426861600768 1
FMT1 0 594193380051001345 1
FMT1 0 591975888494854145 1
FMT1 0 593101916650938369 1
FMT1 0 595268187836575745 1
FMT1 0 592303054243762176 1
FMT1 0 597232168448892928 1
FMT1 0 592341280103014401 1
FMT1 0 591984141773639680 1
FMT1 0 596922719658119168 1
FMT1 0 592316116346605568 1
FMT1 0 592379938793095168 1
FMT1 0 592029014887399424 1
FMT1 0 592233887851368448 1
FMT1 0 592393742767628288 1
FMT1 0 592735062422093825 1
FMT1 0 592247726194040832 1
FMT1 0 595077121040461825 1
FMT1 0 592634239411101696 1
FMT1 0 593215947239895041 1
FMT1 0 592667760880132096 1
FMT1 0 593317450654978048 1
FMT1 0 592162027881140225 1
FMT1 0 596383378133258240 1
FMT1 0 596509182418792449 1
FMT1 0 593112627980541953 1
FMT1 0 592894767576547328 1
FMT1 0 595906405250506753 1
FMT1 0 596199972435013633 1
FMT1 0 597265225696481281 1
FMT1 0 595244504627552256 1
FMT1 0 592071141965045763 1
FMT1 0 592511396564357121 1
FMT1 0 592379519350087681 1
FMT1 0 595218312650366976 1
FMT1 0 595963535160553472 1
FMT1 0 594899383029768192 1
FMT1 0 594790879858204672 1
FMT1 0 593402934181928960 1
FMT1 0 592159197174697985 1
FMT1 0 592724522878504960 1
FMT1 0 592296083272826880 1
FMT1 0 594184306890702848 1
FMT1 0 592562912293621760 1
FMT1 0 596134260249120769 1
FMT1 0 592220994326040576 1
FMT1 0 595508567391633408 1
FMT1 0 592732853319901184 1
FMT1 0 594750473053163522 1
FMT1 0 592279583606632448 1
FMT1 0 595425433681813504 1
FMT1 0 592366584854786048 1
FMT1 0 592321031647277056 1
FMT1 0 592993047622733826 1
FMT1 0 594741047168761857 1
FMT1 0 591991005248782336 1
FMT1 0 592355806160420865 1
FMT1 0 594894116590227456 1
FMT1 0 592389040147542017 1
FMT1 0 592029815596810241 1
FMT1 0 592030087714856960 1
FMT1 0 592652635439697921 1
FMT1 0 592381240247914496 1
FMT1 0 592307682637283329 1
FMT1 0 592316812424937473 1
FMT1 0 592538697305870336 1
FMT1 0 592025366794936321 1
FMT1 0 592660156183371776 1
FMT1 0 592278198596997121 1
FMT1 0 596382706843262976 1
FMT1 0 592005202816827392 1
FMT1 0 593210356429955072 1
FMT1 0 595217042309001216 1
FMT1 0 592003933238759424 1
FMT1 0 592308328455213057 1
FMT1 0 592052475806396417 1
FMT1 0 592027270270726146 1
FMT1 0 592004040961069057 1
FMT1 0 593166121739657216 1
FMT1 0 592318876496474116 1
FMT1 0 591999588766228482 1
FMT1 0 592906918588456960 1
FMT1 0 592310286498959362 1
FMT1 0 591999421975396352 1
FMT1 0 595099072970752001 1
FMT1 0 592279031594123264 1
FMT1 0 593916432540381184 1
FMT1 0 592004392091406336 1
FMT1 0 594894983401902080 1
FMT1 0 592379078344249344 1
FMT1 0 595236693675880448 1
FMT1 0 593019070364196864 1
FMT1 0 594776392362897408 1
FMT1 0 592607636459225088 1
FMT1 0 592742518996869120 1
FMT1 0 593235923401211906 1
FMT1 0 592326419528568832 1
FMT1 0 594511887024402433 1
FMT1 0 592003335454076929 1
FMT1 0 592530979958329344 1
FMT1 0 592560942979756034 1
FMT1 0 593400810702131200 1
FMT1 0 591974898139987968 1
FMT1 0 594509578160578560 1
FMT1 0 592393472839196672 1
FMT1 0 592333677595480065 1
FMT1 0 592349728324521984 1
FMT1 0 592000290921918464 1
FMT1 0 593322625214066688 1
FMT1 0 592247011862188032 1
FMT1 0 592314718435479552 1
FMT1 0 594537620744450048 1
FMT1 0 595148422547542016 1
FMT1 0 592776884838072322 1
FMT1 0 592756205627547649 1
FMT1 0 594513188462403584 1
FMT1 0 592275018131771392 1
FMT1 0 592054705838268417 1
FMT1 0 595578276069781504 1
FMT1 0 592208444402208768 1
FMT1 0 592059620799057920 1
FMT1 0 593332801757282305 1
FMT1 0 593673983276523521 1
FMT1 0 592605903246921728 1
FMT1 0 596706289050361857 1
FMT1 0 592372761378430977 1
FMT1 0 592203258401173504 1
FMT1 0 595084138496987137 1
FMT1 0 596959033338232832 1
FMT1 0 594447801955659776 1
FMT1 0 593700943977254912 1
FMT1 0 595150675849281536 1
FMT1 0 594846621923291136 1
FMT1 0 592588105271484416 1
FMT1 0 592355054323019776 1
FMT1 0 592272663910817792 1
FMT1 0 593835242739277824 1
FMT1 0 593360228290297857 1
FMT1 0 594577141905383425 1
FMT1 0 594428501563822081 1
FMT1 0 592363814370222080 1
FMT1 0 591987578498232321 1
FMT1 0 592394729469317120 1
FMT1 0 594759996614672384 1
FMT1 0 597039549219385344 1
FMT1 0 592214320127193088 1
FMT1 0 596626042099507200 1
FMT1 0 592390065281585154 1
FMT1 0 596455223087894529 1
FMT1 0 593975523635638272 1
FMT1 0 592324982622986240 1
FMT1 0 595671242323144704 1
FMT1 0 596529044809650176 1
FMT1 0 593062909518872576 1
FMT1 0 592233687825055745 1
FMT1 0 592233496615071745 1
FMT1 0 591991403783159808 1
FMT1 0 593102071810772992 1
FMT1 0 593997623050178560 1
FMT1 0 592336698073358336 1
FMT1 0 596265363039461376 1
FMT1 0 592309926526980097 1
FMT1 0 592313376081981442 1
FMT1 0 592247872919183361 1
FMT1 0 595907316563709953 1
FMT1 0 592207474062659584 1
FMT1 0 592361610045362176 1
FMT1 0 592329383110541314 1
FMT1 0 592363731067219969 1
FMT1 0 593743966052442112 1
FMT1 0 592213627148505088 1
FMT1 0 593693840206266368 1
FMT1 0 592901901479505920 1
FMT1 0 596606838847606784 1
FMT1 0 595300162366406657 1
FMT1 0 596967921097707520 1
FMT1 0 592610036033015808 1
FMT1 0 593107263688028160 1
FMT1 0 596667131351011329 1
FMT1 0 592575170075893761 1
FMT1 0 593779898650505216 1
FMT1 0 596002624672960512 1
FMT1 0 594452137804861441 1
FMT1 0 592580103969722368 1
FMT1 0 596221443484057600 1
FMT1 0 594320393952825344 1
FMT1 0 592391381579993088 1
FMT1 0 594440245233393664 1
FMT1 0 592923769900912640 1
FMT1 0 592356570421268480 1
FMT1 0 592997331529633792 1
FMT1 0 595521487039111168 1
FMT1 0 592301945525641216 1
FMT1 0 592048683866173440 1
FMT1 0 592392312849739776 1
FMT1 0 592332968783380481 1
FMT1 0 592244931181293568 1
FMT1 0 595852212624035841 1
FMT1 0 593657997684903937 1
FMT1 0 592034145645121536 1
FMT1 0 593830977656455169 1
FMT1 0 595940333063536640 1
FMT1 0 595582586254192640 1
FMT1 0 594335644849033217 1
FMT1 0 597310161074524160 1
FMT1 0 592989355314032640 1
FMT1 0 593176465144991746 1
FMT1 0 596740870206009346 1
FMT1 0 592378065809846273 1
FMT1 0 594125926746562560 1
FMT1 0 594246129895788544 1
FMT1 0 592184317712965634 1
FMT1 0 592571302566764544 1
FMT1 0 595235773177143297 1
FMT1 0 592024270705860608 1
FMT1 0 592058471354216448 1
FMT1 0 592584989092421632 1
FMT1 0 595219878669332480 1
FMT1 0 592375699178029056 1
FMT1 0 592549944751337472 1
FMT1 0 597410630346219520 1
FMT1 0 593783416333717504 1
FMT1 0 593747615298162688 1
FMT1 0 592314850346307584 1
FMT2 0 592139574266044416 1
FMT2 0 592258807683686400 1
FMT2 0 596887441329401856 1
FMT2 0 595054978529558528 1
FMT2 0 594343997365030913 1
FMT2 0 592024096059305984 1
FMT2 0 593662170170175488 1
FMT2 0 592142806304436224 1
FMT2 0 593389423603150849 1
FMT2 0 591996367784026113 1
FMT2 0 593697911294267392 1
FMT2 0 594362503137656833 1
FMT2 0 592652895713112065 1
FMT2 0 592629652818034688 1
FMT2 0 593454311083876352 1
FMT2 0 595548978604744704 1
FMT2 0 594178932854816768 1
FMT2 0 595433694493483010 1
FMT2 0 593052501068390400 1
FMT2 0 592727118766862336 1
FMT2 0 593387024406556674 1
FMT2 0 592236529654702080 1
FMT2 0 593461448497500162 1
FMT2 0 592552801546305536 1
FMT2 0 594434481278230528 1
FMT2 0 593454375097344000 1
FMT2 0 594355694020784129 1
FMT2 0 592656054489591808 1
FMT2 0 593185970117193728 1
FMT2 0 592379481731375104 1
FMT2 0 592257707408642048 1
FMT2 0 592281354680696832 1
FMT2 0 592376977329299457 1
FMT2 0 592277527432859649 1
FMT2 0 592913141228376064 1
FMT2 0 593363720757063680 1
FMT2 0 593114034611757056 1
FMT2 0 593239774627897344 1
FMT2 0 592317457475379200 1
FMT2 0 592181723967926274 1
FMT2 0 594007722766376960 1
FMT2 0 592929862832099328 1
FMT2 0 592043734218375168 1
FMT2 0 596601454762143745 1
FMT2 0 592321499517726721 1
FMT2 0 592301932800151553 1
FMT2 0 592341962667130880 1
FMT2 0 591992896485597184 1
FMT2 0 592289768211283969 1
FMT2 0 592287188995448832 1
FMT2 0 592751186152919042 1
FMT2 0 593703617497935873 1
FMT2 0 593715088348971008 1
FMT2 0 592213511796752384 1
FMT2 0 593000419669856256 1
FMT2 0 592924870603894784 1
FMT2 0 592526595774021632 1
FMT2 0 592339760330379264 1
FMT2 0 593337397351321601 1
FMT2 0 592738844581240834 1
FMT2 0 593726830189809664 1
FMT2 0 593762597201018880 1
FMT2 0 592941333855109120 1
FMT2 0 592618338649579520 1
FMT2 0 592890587398971392 1
FMT2 0 592220518763274241 1
FMT2 0 592222997156474880 1
FMT2 0 592265539377967106 1
FMT2 0 594053481226510336 1
FMT2 0 596397910352273408 1
FMT2 0 592952957563379712 1
FMT2 0 594818001439883266 1
FMT2 0 592197561575833600 1
FMT2 0 594811776585183232 1
FMT2 0 592303614820909056 1
FMT2 0 592545267859070976 1
FMT2 0 592372631187238913 1
FMT2 0 593297257417428993 1
FMT2 0 592580627251077120 1
FMT2 0 593598254467719168 1
FMT2 0 594793516150235136 1
FMT2 0 592028815234207745 1
FMT2 0 592273283233353728 1
FMT2 0 592012112500666370 1
FMT2 0 592668554568282112 1
FMT2 0 594661403832627200 1
FMT2 0 591985786880327682 1
FMT2 0 592208493848895489 1
FMT2 0 593297004559609856 1
FMT2 0 592391063874064384 1
FMT2 0 593590429670514688 1
FMT2 0 592391743124832256 1
FMT2 0 592381779849314304 1
FMT2 0 592220359803437056 1
FMT2 0 592355188909875200 1
FMT2 0 593240387453472768 1
FMT2 0 592284518796529664 1
FMT2 0 592715035723624448 1
FMT2 0 592367918131871744 1
FMT2 0 593094051534020608 1
FMT2 0 595629811609051136 1
FMT2 0 592279403679223809 1
FMT2 0 593112015398273024 1
FMT2 0 593661809468448768 1
FMT2 0 592389454045655040 1
FMT2 0 593743633347530752 1
FMT2 0 592713402650333185 1
FMT2 0 595490933027819521 1
FMT2 0 592899669598019584 1
FMT2 0 592574305218596864 1
FMT2 0 595192472474517505 1
FMT2 0 592342067033939970 1
FMT2 0 592724828131598336 1
FMT2 0 592940006643118081 1
FMT2 0 592942695514902529 1
FMT2 0 592561602072682496 1
FMT2 0 593712885525655552 1
FMT2 0 592513072801054720 1
FMT2 0 594335723571978240 1
FMT2 0 592517202965725185 1
FMT2 0 593276326779293696 1
FMT2 0 593988794837118978 1
FMT2 0 592357299601027072 1
FMT2 0 596332716028604417 1
FMT2 0 593302132373200896 1
FMT2 0 593103590383702016 1
FMT2 0 592814776121692160 1
FMT2 0 592232533900701696 1
FMT2 0 591996373869826048 1
FMT2 0 592647856160378881 1
FMT2 0 593442445464973312 1
FMT2 0 593069740496703489 1
FMT2 0 592022722437218304 1
FMT2 0 594401252877799425 1
FMT2 0 594739709118533632 1
FMT2 0 593437118413705216 1
FMT2 0 594230058430017537 1
FMT2 0 592348809927102465 1
FMT2 0 595157267558731776 1
FMT2 0 592006342212063232 1
FMT2 0 594344566196604928 1
FMT2 0 593597730829701120 1
FMT2 0 592355054323019776 1
FMT2 0 592298916109922304 1
FMT2 0 592267700853821440 1
FMT2 0 596534993293303809 1
FMT2 0 592189847936180225 1
FMT2 0 593846138601545729 1
FMT2 0 592279426030641153 1
FMT2 0 593000262287101953 1
FMT2 0 593680413379268608 1
FMT2 0 595659753658916865 1
FMT2 0 594573101603508225 1
FMT2 0 592221039867793408 1
FMT2 0 594508561574547457 1
FMT2 0 593293651230347265 1
FMT2 0 594856880804990976 1
FMT2 0 592598491706232832 1
FMT2 0 592011381005651968 1
FMT2 0 593355162850172928 1
FMT2 0 593419752896237569 1
FMT2 0 592712844451434496 1
FMT2 0 591979790627840000 1
FMT2 0 592176679214133248 1
FMT2 0 593303847851991040 1
FMT2 0 597255065867550721 1
FMT2 0 593104244867080192 1
FMT2 0 594325981130719232 1
FMT2 0 592241024249925632 1
FMT2 0 596529044809650176 1
FMT2 0 595259144644534272 1
FMT2 0 592317515272818688 1
FMT2 0 594841352006799360 1
FMT2 0 597047646113533952 1
FMT2 0 593032622663704577 1
FMT2 0 592187621213806592 1
FMT2 0 594690344660377600 1
FMT2 0 593745793418334210 1
FMT2 0 593355624823529472 1
FMT2 0 592563093185568768 1
FMT2 0 593349986680614912 1
FMT2 0 592192429928763392 1
FMT2 0 592649050484117504 1
FMT2 0 592661298036547585 1
FMT2 0 592035222650167296 1
FMT2 0 595164944510812160 1
FMT2 0 593788779044941824 1
FMT2 0 592994813609312256 1
FMT2 0 593643207159713792 1
FMT2 0 594691819595632640 1
FMT2 0 593647037628854273 1
FMT2 0 593463245685575681 1
FMT2 0 592697454451171330 1
FMT2 0 592334978282696705 1
FMT2 0 596611221463273473 1
FMT2 0 592683588258308098 1
FMT2 0 593660153938870272 1
FMT2 0 592247746251214848 1
FMT2 0 592505057553326080 1
FMT2 0 592364546032930816 1
FMT2 0 593056467512504320 1
FMT2 0 592287122192609280 1
FMT2 0 594132407646887937 1
FMT2 0 592892823294365696 1
FMT2 0 596600970240397312 1
FMT2 0 595136513895194624 1
FMT2 0 594831606189285376 1
FMT2 0 594424705878138881 1
FMT2 0 594370894643929088 1
FMT2 0 592346324286050305 1
FMT2 0 593936369015083008 1
FMT2 0 595568964677283840 1
FMT2 0 592349024574840834 1
FMT2 0 593490208475209728 1
FMT2 0 593488742368813057 1
FMT2 0 594403257709109248 1
FMT2 0 592320829624492032 1
FMT2 0 592632778451132417 1
FMT2 0 593315664061865984 1
FMT2 0 592178230452326401 1
FMT2 0 592650977926377473 1
FMT2 0 592052489240780800 1
FMT2 0 592387266502266880 1
FMT2 0 592560461909921792 1
FMT2 0 594010644027871232 1
FMT2 0 592374969067143168 1
FMT2 0 591987020924260354 1
FMT2 0 592174366344884224 1
FMT2 0 592148963110703105 1
FMT2 0 592263482415845376 1
FMT2 0 591989264256106499 1
FMT2 0 591988336090173440 1
FMT2 0 593503999673765888 1
FMT2 0 592568573609934848 1
FMT2 0 593424989690449920 1
FMT2 0 594357019219337216 1
FMT2 0 592191998196494336 1
FMT2 0 592050419259453440 1
FMT2 0 592339227976806400 1
FMT2 0 592076323297759232 1
FMT2 0 593979991127240705 1
FMT2 0 596328059013201920 1
FMT2 0 593010224425873410 1
FMT2 0 592636278753009665 1
FMT2 0 594440912928903168 1
FMT2 0 593056900264042498 1
FMT2 0 593362166448685056 1
FMT2 0 593452475740327936 1
FMT2 0 592066377768443904 1
FMT2 0 592209596183285762 1
FMT2 0 592718489711976449 1
FMT2 0 593685210903945216 1
FMT2 0 593349808867250176 1
FMT2 0 593069229315739649 1
FMT2 0 593603982410514432 1
FMT2 0 592526495802925056 1
FMT2 0 592764199031406593 1
FMT2 0 592358567560122369 1
FMT2 0 592864673130754048 1
FMT2 0 592948772767932416 1
FMT2 0 592660515886866435 1
FMT2 0 592355847121936384 1
FMT2 0 591995052169105408 1
FMT2 0 592630528022577154 1
FMT2 0 593085418175733760 1
FMT2 0 592331213005697025 1
FMT2 0 592915598981619712 1
FMT2 0 593716049373069313 1
FMT2 0 592313828072755200 1
FMT2 0 593966552833200128 1
FMT2 0 592298130000883712 1
FMT2 0 592394606827819008 1
FMT2 0 594406274390855681 1
FMT2 0 594503420280573952 1
FMT2 0 595097390308294656 1
FMT2 0 593178065209032704 1
FMT2 0 592542239563378688 1
FMT2 0 594158584868380673 1
FMT2 0 592376974934310912 1
FMT2 0 592617468004175872 1
FMT2 0 595550921720995840 1
FMT2 0 593449277092864000 1
FMT2 0 595461399679246336 1
FMT2 0 592725390092804099 1
FMT2 0 592529670836355072 1
FMT2 0 592702488307970048 1
FMT2 0 592389952530350080 1
FMT2 0 592302286224756736 1
FMT2 0 594337853275906048 1
FMT2 0 592580417871450113 1
FMT2 0 593672911321485312 1
FMT2 0 593101843179253760 1
FMT2 0 592613731328069632 1
FMT2 0 592948113247113216 1
FMT3 0 592262421433098240 1
FMT3 0 592341643623272450 1
FMT3 0 592350761213825024 1
FMT3 0 592197933690261504 1
FMT3 0 592258807683686400 1
FMT3 0 592393244136185856 1
FMT3 0 592393539985608704 1
FMT3 0 592379281008820224 1
FMT3 0 596287935483252737 1
FMT3 0 592585807346597888 1
FMT3 0 592206738507440128 1
FMT3 0 592125028558184448 1
FMT3 0 592556996752056320 1
FMT3 0 593050476700168192 1
FMT3 0 592048956089106432 1
FMT3 0 592282804114870272 1
FMT3 0 592310137194287104 1
FMT3 0 592629652818034688 1
FMT3 0 592085243659571200 1
FMT3 0 592037727727529985 1
FMT3 0 592293865148837889 1
FMT3 0 592045569591234560 1
FMT3 0 595437377536929792 1
FMT3 0 593316639476551682 1
FMT3 0 592027147243401216 1
FMT3 0 592363814370222080 1
FMT3 0 592318876496474116 1
FMT3 0 595508030252298241 1
FMT3 0 592324346854514688 1
FMT3 0 596338923061653504 1
FMT3 0 592325457724440576 1
FMT3 0 592934080997625856 1
FMT3 0 592677666144288769 1
FMT3 0 595614162581102593 1
FMT3 0 592049417856909314 1
FMT3 0 595451603265527808 1
FMT3 0 591999421975396352 1
FMT3 0 595148422547542016 1
FMT3 0 595961957313679360 1
FMT3 0 593523465195360256 1
FMT3 0 592018368279908352 1
FMT3 0 594428501563822081 1
FMT3 0 593221207601745920 1
FMT3 0 596194107862556673 1
FMT3 0 592279031594123264 1
FMT3 0 592049388232531968 1
FMT3 0 595033800188399616 1
FMT3 0 592555718617632768 1
FMT3 0 592019272903172096 1
FMT3 0 592355806160420865 1
FMT3 0 593731671658090497 1
FMT3 0 592344097743998976 1
FMT3 0 592026863398199296 1
FMT3 0 592004392091406336 1
FMT3 0 592220239095431168 1
FMT3 0 592052647873482752 1
FMT3 0 592379737198055424 1
FMT3 0 595450441984532482 1
FMT3 0 592394042253516800 1
FMT3 0 594133035093745664 1
FMT3 0 592382428603252736 1
FMT3 0 592214348455514112 1
FMT3 0 592216632954486786 1
FMT3 0 592305660642996224 1
FMT3 0 593377543606050817 1
FMT3 0 591979126350741505 1
FMT3 0 592548743204962304 1
FMT3 0 592373593394323459 1
FMT3 0 593754597589708800 1
FMT3 0 596580298072035329 1
FMT3 0 592616054712479744 1
FMT3 0 592302665280786432 1
FMT3 0 593672821076668416 1
FMT3 0 594819145880838144 1
FMT3 0 592254742979444736 1
FMT3 0 594846621923291136 1
FMT3 0 592033253781037056 1
FMT3 0 591986194893901824 1
FMT3 0 592016672355061760 1
FMT3 0 592326419528568832 1
FMT3 0 592478202473287680 1
FMT3 0 592207177642856448 1
FMT3 0 592381687478235136 1
FMT3 0 592117505356730369 1
FMT3 0 595210184705835010 1
FMT3 0 593006495488323584 1
FMT3 0 596573225926033408 1
FMT3 0 592912869760454656 1
FMT3 0 592334656634101760 1
FMT3 0 592530979958329344 1
FMT3 0 592278091386454016 1
FMT3 0 592262536063492096 1
FMT3 0 592026322865500160 1
FMT3 0 595582586254192640 1
FMT3 0 592288252628893696 1
FMT3 0 592658425567453184 1
FMT3 0 592224514198540288 1
FMT3 0 594675929953087489 1
FMT3 0 592143616782405632 1
FMT3 0 593725689976655872 1
FMT3 0 592269368668491776 1
FMT3 0 592030914793836544 1
FMT3 0 592031700697255936 1
FMT3 0 595627879414648832 1
FMT3 0 592354130267504640 1
FMT3 0 592682158814339072 1
FMT3 0 597049561090142208 1
FMT3 0 591986527355338752 1
FMT3 0 593227012904341504 1
FMT3 0 594125926746562560 1
FMT3 0 592697135390416899 1
FMT3 0 592310653299204096 1
FMT3 0 592022537682427904 1
FMT3 0 593799741558935552 1
FMT3 0 592970113457860608 1
FMT3 0 592161141830209536 1
FMT3 0 592361423352696832 1
FMT3 0 592176946642980864 1
FMT3 0 593987954730606593 1
FMT3 0 592349610988843008 1
FMT3 0 593655331189698560 1
FMT3 0 592608596279435264 1
FMT3 0 592224438575190016 1
FMT3 0 593805611315376128 1
FMT3 0 593522221768802304 1
FMT3 0 592527731327401984 1
FMT3 0 592241031162105856 1
FMT3 0 592024069446348800 1
FMT3 0 592288174677757952 1
FMT3 0 595131462090764288 1
FMT3 0 592044539675680768 1
FMT3 0 595578276069781504 1
FMT3 0 592208444402208768 1
FMT3 0 592332639589113856 1
FMT3 0 592347374044852224 1
FMT3 0 592349969497116672 1
FMT3 0 592022407885496320 1
FMT3 0 591978159102435328 1
FMT3 0 592210302302720001 1
FMT3 0 592309452679712768 1
FMT3 0 592028384634503168 1
FMT3 0 592342464179998721 1
FMT3 0 591979747296485376 1
FMT3 0 592344251528126465 1
FMT3 0 592203258401173504 1
FMT3 0 595643412784754688 1
FMT3 0 592300662005739520 1
FMT3 0 593658831122530304 1
FMT3 0 592373031063785472 1
FMT3 0 592670897477165059 1
FMT3 0 596925193345310720 1
FMT3 0 592311043302395904 1
FMT3 0 594848076092874754 1
FMT3 0 594844680292069376 1
FMT3 0 594447666089631744 1
FMT3 0 596114261249667072 1
FMT3 0 592247726194040832 1
FMT3 0 591986294554632192 1
FMT3 0 594880329493557248 1
FMT3 0 592971847131500544 1
FMT3 0 591991020142792704 1
FMT3 0 591986490038558722 1
FMT3 0 592331307880878080 1
FMT3 0 593432844313100288 1
FMT3 0 593563208989835264 1
FMT3 0 591995512171024387 1
FMT3 0 592383521697628160 1
FMT3 0 593409641683509248 1
FMT3 0 592370464355262464 1
FMT3 0 593349863510769665 1
FMT3 0 592271940242444289 1
FMT3 0 592207027549540353 1
FMT3 0 595703073370198018 1
FMT3 0 593502298401153026 1
FMT3 0 593054952915775490 1
FMT3 0 592240257518542848 1
FMT3 0 592379318744981505 1
FMT3 0 593105151939911681 1
FMT3 0 592370905885605889 1
FMT3 0 592097046309441537 1
FMT3 0 594053999776563200 1
FMT3 0 593897305163563008 1
FMT3 0 592026266569543680 1
FMT3 0 592000290921918464 1
FMT3 0 592339054487801856 1
FMT3 0 592029014887399424 1
FMT3 0 592249577006239744 1
FMT3 0 592197498342494208 1
FMT3 0 594334886355283968 1
FMT3 0 592233887851368448 1
FMT3 0 591977781749223424 1
FMT3 0 595435277109329920 1
FMT3 0 592393742767628288 1
FMT3 0 592735062422093825 1
FMT3 0 592372840042639360 1
FMT3 0 593700943977254912 1
FMT3 0 594266572224532480 1
FMT3 0 592324982622986240 1
FMT3 0 594704324837511168 1
FMT3 0 592317515272818688 1
FMT3 0 592314971700105217 1
FMT3 0 592380080636104704 1
FMT3 0 592233687825055745 1
FMT3 0 591991403783159808 1
FMT3 0 592066101166616577 1
FMT3 0 592237706119225344 1
FMT3 0 592306614092308480 1
FMT3 0 596869847956332544 1
FMT3 0 592029398368411648 1
FMT3 0 592211633142796288 1
FMT3 0 592336698073358336 1
FMT3 0 594779321908076544 1
FMT3 0 592362464601182208 1
FMT3 0 592313376081981442 1
FMT3 0 592367062657343488 1
FMT3 0 592317103157350400 1
FMT3 0 592361295686471680 1
FMT3 0 592067446158204928 1
FMT3 0 595431712642965504 1
FMT3 0 592629105444552705 1
FMT3 0 595721445650669570 1
FMT3 0 592586955730210816 1
FMT3 0 592010581550333952 1
FMT3 0 592191451674476544 1
FMT3 0 596358412314681344 1
FMT3 0 597197538442104832 1
FMT3 0 592239782618636288 1
FMT3 0 592030087714856960 1
FMT3 0 592310778323021824 1
FMT3 0 592261510048522242 1
FMT3 0 592368286785884161 1
FMT3 0 592379519350087681 1
FMT3 0 592347242490540034 1
FMT3 0 594780243027730432 1
FMT3 0 592206570974416897 1
FMT3 0 592296369060073473 1
FMT3 0 592016806153293825 1
FMT3 0 593007671206260736 1
FMT3 0 594846404461207553 1
FMT3 0 592943451689373697 1
FMT3 0 591999286679769090 1
FMT3 0 593997623050178560 1
FMT3 0 592159197174697985 1
FMT3 0 595064294523277313 1
FMT3 0 592230864123088896 1
FMT3 0 592194905511890944 1
FMT3 0 592974615791579136 1
FMT3 0 592027572952834048 1
FMT3 0 592333586734272512 1
FMT3 0 594842395990052865 1
FMT3 0 592082703232540673 1
FMT3 0 592987231985373185 1
FMT3 0 596491036957888512 1
FMT3 0 592641402380505089 1
FMT3 0 592252959884320768 1
FMT3 0 592329805296578562 1
FMT3 0 593691795365691394 1
FMT3 0 592179384385024000 1
FMT3 0 592380476427468800 1
FMT3 0 596299148015468544 1
FMT3 0 592340961243435008 1
FMT3 0 592251391508283392 1
FMT3 0 594086439710814208 1
FMT3 0 592039073503584256 1
FMT3 0 592391381579993088 1
FMT3 0 594440245233393664 1
FMT3 0 593454749074100224 1
FMT3 0 591976580232052736 1
FMT3 0 595811020326703104 1
FMT3 0 592388014938005504 1
FMT3 0 592239896103780352 1
FMT3 0 593248853433810945 1
FMT3 0 592301302312382464 1
FMT3 0 592033451718479873 1
FMT3 0 596990755282923521 1
FMT3 0 595521487039111168 1
FMT3 0 593029197385203713 1
FMT3 0 595769161357352963 1
FMT3 0 592336609548337152 1
FMT3 0 596948982477127681 1
FMT3 0 592760969010487297 1
FMT3 0 595142607258263552 1
FMT3 0 592325073165389826 1
FMT3 0 595644226844631040 1
FMT3 0 594094825495900160 1
FMT3 0 592337675685888000 1
FMT3 0 592395138988539904 1
FMT3 0 592621963530539009 1
FMT3 0 592325457590235136 1
FMT3 0 592295383990018050 1
FMT3 0 591997966010855424 1
FMT3 0 597020126785904640 1
FMT3 0 592239615194439680 1
FMT3 0 592513064617922561 1
FMT3 0 593635482841567232 1
FMT3 0 592543024355282944 1
FMT3 0 593338602311983104 1
FMT3 0 592237757226881025 1
FMT3 0 592193754393489408 1
FMT3 0 592767310441652224 1
FMT3 0 592239653077393408 1
FMT3 0 592068279033794561 1
FMT3 0 593010788232626176 1
FMT3 0 592387366448312320 1
FMT3 0 592352765415817216 1
FMT3 0 592028374794539008 1
FMT3 0 592385185368276992 1
FMT3 0 592238754825273345 1
FMT3 0 592538697305870336 1
FMT3 0 592575816250183680 1
FMT3 0 592376200070324225 1
FMT3 0 593877652211105792 1
FMT3 0 592754517336260609 1
FMT3 0 596232140380999680 1
FMT3 0 592251272482267136 1
FMT3 0 593345681227526144 1
FMT3 0 592001500198490112 1
FMT3 0 596679422721302528 1
FMT3 0 595790108588187648 1
FMT3 0 592025366794936321 1
FMT3 0 592340045224345601 1
FMT3 0 595907316563709953 1
FMT3 0 592022312226050049 1
FMT3 0 592857631053742084 1
FMT3 0 593339542754594816 1
FMT3 0 592356399776079872 1
FMT3 0 594781487855112192 1
FMT3 0 592372482159431680 1
FMT3 0 593218321409015809 1
FMT3 0 593783416333717504 1
FMT3 0 593723223755214848 1
FMT3 0 595219878669332480 1
FMT3 0 592935834137063424 1
FMT3 0 592005202816827392 1
FMT4 0 593464777290166274 1
FMT4 0 594880328755322880 1
FMT4 0 592300689742692353 1
FMT4 0 592323424136990720 1
FMT4 0 592521218407858176 1
FMT4 0 592629652818034688 1
FMT4 0 593440045861711872 1
FMT4 0 592298916109922304 1
FMT4 0 592208493848895489 1
FMT4 0 592956760765370368 1
FMT4 0 592656054489591808 1
FMT4 0 592281143434608640 1
FMT4 0 594376527548059650 1
FMT4 0 593743633347530752 1
FMT4 0 592176920617361408 1
FMT4 0 592620564419780608 1
FMT4 0 592181615658291200 1
FMT4 0 593239774627897344 1
FMT4 0 592181723967926274 1
FMT4 0 592209897825013761 1
FMT4 0 594894983401902080 1
FMT4 0 593151339007348736 1
FMT4 0 592751186152919042 1
FMT4 0 596962895918800896 1
FMT4 0 592526595774021632 1
FMT4 0 593240387453472768 1
FMT4 0 592220518763274241 1
FMT4 0 594053481226510336 1
FMT4 0 592256891226468352 1
FMT4 0 592545267859070976 1
FMT4 0 592372631187238913 1
FMT4 0 592580627251077120 1
FMT4 0 592028815234207745 1
FMT4 0 592362781665468416 1
FMT4 0 593085418175733760 1
FMT4 0 595550921720995840 1
FMT4 0 592391743124832256 1
FMT4 0 592381779849314304 1
FMT4 0 592211354515156992 1
FMT4 0 593362166448685056 1
FMT4 0 592929862832099328 1
FMT4 0 592076323297759232 1
FMT4 0 592222331025502208 1
FMT4 0 592215009255555074 1
FMT4 0 592389454045655040 1
FMT4 0 595192472474517505 1
FMT4 0 592942695514902529 1
FMT4 0 593276326779293696 1
FMT4 0 593484948889280512 1
FMT4 0 596332716028604417 1
FMT4 0 592814776121692160 1
FMT4 0 592343977572966400 1
FMT4 0 592956917187620865 1
FMT4 0 592348809927102465 1
FMT4 0 592315004533084160 1
FMT4 0 592264283704070144 1
FMT4 0 592267700853821440 1
FMT4 0 591976009823428608 1
FMT4 0 592018533673869313 1
FMT4 0 593012370605146112 1
FMT4 0 593304648280211458 1
FMT4 0 593303847851991040 1
FMT4 0 596529044809650176 1
FMT4 0 592317515272818688 1
FMT4 0 592236359823151104 1
FMT4 0 592217703563177984 1
FMT4 0 594440912928903168 1
FMT4 0 593349986680614912 1
FMT4 0 592867401886257153 1
FMT4 0 594893201355493376 1
FMT4 0 592661298036547585 1
FMT4 0 592035222650167296 1
FMT4 0 592994813609312256 1
FMT4 0 593647037628854273 1
FMT4 0 592378023556448256 1
FMT4 0 592372743200354306 1
FMT4 0 593152241361489920 1
FMT4 0 596611221463273473 1
FMT4 0 592683588258308098 1
FMT4 0 593435359234494464 1
FMT4 0 592370709243899904 1
FMT4 0 593301539592085504 1
FMT4 0 593983825316806656 1
FMT4 0 593094051534020608 1
FMT4 0 592670581960658944 1
FMT4 0 592376977329299457 1
FMT4 0 592320829624492032 1
FMT4 0 595489991398064129 1
FMT4 0 592052489240780800 1
FMT4 0 592049438908092416 1
FMT4 0 592374976390438912 1
FMT4 0 592247746251214848 1
FMT4 0 593056900264042498 1
FMT4 0 592648392691560449 1
FMT4 0 592209596183285762 1
FMT4 0 594880347130593281 1
FMT4 0 592211486795137024 1
FMT4 0 592764199031406593 1
FMT4 0 593359070205194240 1
FMT4 0 592355847121936384 1
FMT4 0 592630528022577154 1
FMT4 0 592012112500666370 1
FMT4 0 592915598981619712 1
FMT4 0 592657036715937792 1
FMT4 0 592259302917677057 1
FMT4 0 592298130000883712 1
FMT4 0 592394606827819008 1
FMT4 0 592339472831762432 1
FMT4 0 592943874345074688 1
FMT4 0 592302286224756736 1
FMT4 0 592014627862523904 1
FMT5 0 596679094470737921 1
FMT5 0 593210356429955072 1
FMT5 0 595217042309001216 1
FMT5 0 595054978529558528 1
FMT5 0 592379281008820224 1
FMT5 0 594600830679916544 1
FMT5 0 593389423603150849 1
FMT5 0 594096352650362880 1
FMT5 0 592337850429001729 1
FMT5 0 592652895713112065 1
FMT5 0 592085243659571200 1
FMT5 0 592045569591234560 1
FMT5 0 595259031503110146 1
FMT5 0 593349863510769665 1
FMT5 0 592250977043910656 1
FMT5 0 596358412314681344 1
FMT5 0 594355694020784129 1
FMT5 0 592953631827066880 1
FMT5 0 592049417856909314 1
FMT5 0 591976580232052736 1
FMT5 0 594376527548059650 1
FMT5 0 592257707408642048 1
FMT5 0 594885937273950209 1
FMT5 0 592738844581240834 1
FMT5 0 595249416455397376 1
FMT5 0 592315161282678784 1
FMT5 0 597072588762779649 1
FMT5 0 594131668056825857 1
FMT5 0 595548774547791872 1
FMT5 0 592579482407424000 1
FMT5 0 593273045248307201 1
FMT5 0 595450441984532482 1
FMT5 0 593297004559609856 1
FMT5 0 594894983401902080 1
FMT5 0 592198032810123264 1
FMT5 0 592548743204962304 1
FMT5 0 592287188995448832 1
FMT5 0 595236693675880448 1
FMT5 0 595963535160553472 1
FMT5 0 594819145880838144 1
FMT5 0 592241031162105856 1
FMT5 0 596597970935525376 1
FMT5 0 593240387453472768 1
FMT5 0 592478202473287680 1
FMT5 0 592203258401173504 1
FMT5 0 593615962714349568 1
FMT5 0 594453243910033408 1
FMT5 0 592393075189657600 1
FMT5 0 592943451689373697 1
FMT5 0 592947623721570304 1
FMT5 0 594053481226510336 1
FMT5 0 594422683384680448 1
FMT5 0 594675929953087489 1
FMT5 0 596021194333298688 1
FMT5 0 592588449619648512 1
FMT5 0 594073199698157568 1
FMT5 0 597051427563950080 1
FMT5 0 594890564241264640 1
FMT5 0 594125926746562560 1
FMT5 0 596604497327161346 1
FMT5 0 592341156890947584 1
FMT5 0 592372482159431680 1
FMT5 0 593322625214066688 1
FMT5 0 595461399679246336 1
FMT5 0 592015991573360640 1
FMT5 0 592486865535520768 1
FMT5 0 596561811987562497 1
FMT5 0 594065828468916224 1
FMT5 0 594513188462403584 1
FMT5 0 595596067539845120 1
FMT5 0 592349969497116672 1
FMT5 0 593699814921138176 1
FMT5 0 593332801757282305 1
FMT5 0 592513072801054720 1
FMT5 0 594932647689887744 1
FMT5 0 597098250705993729 1
FMT5 0 592751043164938240 1
FMT5 0 592373031063785472 1
FMT5 0 592939432375889920 1
FMT5 0 597047646113533952 1
FMT5 0 597339811238674432 1
FMT5 0 594842395990052865 1
FMT5 0 594844680292069376 1
FMT5 0 594862568193302529 1
FMT5 0 592954920803827713 1
FMT5 0 592814776121692160 1
FMT5 0 596954621660176384 1
FMT5 0 594193380051001345 1
FMT5 0 596503964046196736 1
FMT5 0 591986490038558722 1
FMT5 0 594401252877799425 1
FMT5 0 594846621923291136 1
FMT5 0 592377039522430976 1
FMT5 0 593788779044941824 1
FMT5 0 592355054323019776 1
FMT5 0 593835242739277824 1
FMT5 0 592174083309047808 1
FMT5 0 595142607258263552 1
FMT5 0 592363814370222080 1
FMT5 0 592316116346605568 1
FMT5 0 591987578498232321 1
FMT5 0 593012370605146112 1
FMT5 0 593355162850172928 1
FMT5 0 595084138496987137 1
FMT5 0 596626042099507200 1
FMT5 0 591978910713139202 1
FMT5 0 592735062422093825 1
FMT5 0 594434481278230528 1
FMT5 0 596455223087894529 1
FMT5 0 593460585024475136 1
FMT5 0 594086363840020481 1
FMT5 0 593608399142551552 1
FMT5 0 593032622663704577 1
FMT5 0 596265363039461376 1
FMT5 0 593779898650505216 1
FMT5 0 594320393952825344 1
FMT5 0 595474950841970688 1
FMT5 0 595106294597492736 1
FMT5 0 592337431023714304 1
FMT5 0 596383378133258240 1
FMT5 0 593112627980541953 1
FMT5 0 593086669793980416 1
FMT5 0 592628956584521728 1
FMT5 0 595721445650669570 1
FMT5 0 596199972435013633 1
FMT5 0 595233222939705344 1
FMT5 0 594375298986029056 1
FMT5 0 595856117546229760 1
FMT5 0 592146196128366592 1
FMT5 0 592206570974416897 1
FMT5 0 592287122192609280 1
FMT5 0 594559542140121089 1
FMT5 0 592901901479505920 1
FMT5 0 594899383029768192 1
FMT5 0 592961661125861376 1
FMT5 0 597057663424450560 1
FMT5 0 595064294523277313 1
FMT5 0 593090410349735936 1
FMT5 0 592346324286050305 1
FMT5 0 595300162366406657 1
FMT5 0 594447666089631744 1
FMT5 0 592349024574840834 1
FMT5 0 594185002654371840 1
FMT5 0 594521827394859008 1
FMT5 0 596134260249120769 1
FMT5 0 592339760330379264 1
FMT5 0 592732853319901184 1
FMT5 0 592252959884320768 1
FMT5 0 592390023326011395 1
FMT5 0 596237206764785664 1
FMT5 0 593215947239895041 1
FMT5 0 596221443484057600 1
FMT5 0 592174366344884224 1
FMT5 0 592923769900912640 1
FMT5 0 593248853433810945 1
FMT5 0 596990755282923521 1
FMT5 0 595521487039111168 1
FMT5 0 594741047168761857 1
FMT5 0 596614304595574784 1
FMT5 0 596328059013201920 1
FMT5 0 592636278753009665 1
FMT5 0 592549088886923264 1
FMT5 0 594148390667210752 1
FMT5 0 592650977926377473 1
FMT5 0 592322496025624576 1
FMT5 0 593359070205194240 1
FMT5 0 596551022148911104 1
FMT5 0 596380884342738944 1
FMT5 0 592030087714856960 1
FMT5 0 596959033338232832 1
FMT5 0 596850275522125824 1
FMT5 0 592548359484801024 1
FMT5 0 593877652211105792 1
FMT5 0 595238999289126912 1
FMT5 0 594843759596023808 1
FMT5 0 593087048539443200 1
FMT5 0 595235773177143297 1
FMT5 0 596948982477127681 1
FMT5 0 595683278448959490 1
FMT5 0 592037641186463744 1
FMT5 0 592725390092804099 1
FMT5 0 592529670836355072 1
FMT5 0 596548670587305984 1
FMT5 0 594708345329713152 1
FMT5 0 597410630346219520 1
FMT5 0 597320148622544896 1
FMT5 0 593723223755214848 1
FMT5 0 593783416333717504 1
FMT6 0 594847611661619200 1
FMT6 0 591999611184680961 1
FMT6 0 592001984951029760 1
FMT6 0 595225357713707008 1
FMT6 0 592718119283650560 1
FMT6 0 596707541419106305 1
FMT6 0 592325457724440576 1
FMT6 0 592356323443875840 1
FMT6 0 592677666144288769 1
FMT6 0 592303029212295168 1
FMT6 0 592363638003867648 1
FMT6 0 592394238320447488 1
FMT6 0 592214348455514112 1
FMT6 0 593420730869645314 1
FMT6 0 595881898762575873 1
FMT6 0 591977124778545152 1
FMT6 0 591994540166250497 1
FMT6 0 593328604764835840 1
FMT6 0 595135800192339970 1
FMT6 0 592386580259610624 1
FMT6 0 594334886355283968 1
FMT6 0 593017803147350018 1
FMT6 0 594680351164792833 1
FMT6 0 593490546288664578 1
FMT6 0 592682158814339072 1
FMT6 0 593339988890099712 1
FMT6 0 592325611311341570 1
FMT6 0 593950239880564736 1
FMT6 0 593272218244681728 1
FMT6 0 592161141830209536 1
FMT6 0 593279531705733120 1
FMT6 0 592293865148837889 1
FMT6 0 592591405803040768 1
FMT6 0 592619602619736064 1
FMT6 0 593787287516745728 1
FMT6 0 593482529866407936 1
FMT6 0 592517461536350208 1
FMT6 0 592363268330680321 1
FMT6 0 592927680938389504 1
FMT6 0 592361513127555073 1
FMT6 0 597339811238674432 1
FMT6 0 592372381047332864 1
FMT6 0 592394809332998144 1
FMT6 0 592336681228865538 1
FMT6 0 597318229199949825 1
FMT6 0 592377039522430976 1
FMT6 0 595508030252298241 1
FMT6 0 592210302302720001 1
FMT6 0 592312666883895296 1
FMT6 0 591974595525128195 1
FMT6 0 592308226323976192 1
FMT6 0 592595969700560898 1
FMT6 0 593054952915775490 1
FMT6 0 592379318744981505 1
FMT6 0 592389891511554048 1
FMT6 0 595106294597492736 1
FMT6 0 592688928488091648 1
FMT6 0 592249577006239744 1
FMT6 0 593033300559601664 1
FMT6 0 594704324837511168 1
FMT6 0 593057927033790464 1
FMT6 0 592342866782855169 1
FMT6 0 596979917666955264 1
FMT6 0 592313376081981442 1
FMT6 0 592356425214492672 1
FMT6 0 595519402625343488 1
FMT6 0 597012678280773632 1
FMT6 0 592362464601182208 1
FMT6 0 592361295686471680 1
FMT6 0 596551022148911104 1
FMT6 0 595721445650669570 1
FMT6 0 592518313344835584 1
FMT6 0 592251272482267136 1
FMT6 0 595856117546229760 1
FMT6 0 592377841251012608 1
FMT6 0 595099559992250368 1
FMT6 0 595339150485762050 1
FMT6 0 596219439160250368 1
FMT6 0 595485893676249088 1
FMT6 0 596625362466930688 1
FMT6 0 592329805296578562 1
FMT6 0 596237206764785664 1
FMT6 0 592628801638518785 1
FMT6 0 593769438882717696 1
FMT6 0 593050900131807232 1
FMT6 0 592473110135214080 1
FMT6 0 592033451718479873 1
FMT6 0 592336609548337152 1
FMT6 0 592325073165389826 1
FMT6 0 593479814167822336 1
FMT6 0 595568436773658625 1
FMT6 0 592014898785230848 1
FMT6 0 594148390667210752 1
FMT6 0 592764199031406593 1
FMT6 0 592630528022577154 1
FMT6 0 592239653077393408 1
FMT6 0 593783136238104576 1
FMT6 0 592278364418801664 1
FMT6 0 592373593394323459 1
FMT6 0 592548359484801024 1
FMT6 0 592345114577653760 1
FMT6 0 592300842109128704 1
FMT6 0 592251391508283392 1
FMT6 0 593339542754594816 1
FMT6 0 592613449969991680 1
FMT6 0 594095707512012801 1
FMT6 0 595627879414648832 1
FMT6 0 592258807683686400 1
FMT6 0 595450441984532482 1
FMT6 0 596287935483252737 1
FMT6 0 592372761890140160 1
FMT6 0 594177574705700865 1
FMT6 0 596164465097224192 1
FMT6 0 593563208989835264 1
FMT6 0 592223073996124160 1
FMT6 0 592729363092758529 1
FMT6 0 593148396166217728 1
FMT6 0 595457516483399680 1
FMT6 0 595481791625990144 1
FMT6 0 592955752291139584 1
FMT6 0 592551270591770625 1
FMT6 0 592018368279908352 1
FMT6 0 593476510469730305 1
FMT6 0 592555718617632768 1
FMT6 0 592355806160420865 1
FMT6 0 595571457343803393 1
FMT6 0 595743570650394625 1
FMT6 0 592379737198055424 1
FMT6 0 592914255390908416 1
FMT6 0 593897305163563008 1
FMT6 0 592551682589859840 1
FMT6 0 592262004263424002 1
FMT6 0 592015991573360640 1
FMT6 0 594403457441746944 1
FMT6 0 592016672355061760 1
FMT6 0 592381687478235136 1
FMT6 0 593615962714349568 1
FMT6 0 592277729430474752 1
FMT6 0 592224415170973696 1
FMT6 0 592997331529633792 1
FMT6 0 594719758487945216 1
FMT6 0 594125926746562560 1
FMT6 0 592388575934611456 1
FMT6 0 592314044746366977 1
FMT6 0 592361423352696832 1
FMT6 0 591995887360057345 1
FMT6 0 592193754393489408 1
FMT6 0 592332639589113856 1
FMT6 0 593124470421786625 1
FMT6 0 594590425802878977 1
FMT6 0 596626042099507200 1
FMT6 0 592939432375889920 1
FMT6 0 594862568193302529 1
FMT6 0 596954621660176384 1
FMT6 0 595782092816015362 1
FMT6 0 592363863720333312 1
FMT6 0 592370905885605889 1
FMT6 0 592042501235572736 1
FMT6 0 592338385970155521 1
FMT6 0 592372840042639360 1
FMT6 0 592314971700105217 1
FMT6 0 593101432724688896 1
FMT6 0 592211633142796288 1
FMT6 0 592345106625232896 1
FMT6 0 592036505419272194 1
FMT6 0 595200707680030722 1
FMT6 0 592347242490540034 1
FMT6 0 595430678084374528 1
FMT6 0 596998548559794177 1
FMT6 0 592230864123088896 1
FMT6 0 593757152524652545 1
FMT6 0 594375298986029056 1
FMT6 0 595103187431870464 1
FMT6 0 594210265828237312 1
FMT6 0 592309926526980097 1
FMT6 0 592667760880132096 1
FMT6 0 592217368375402496 1
FMT6 0 593284867204501504 1
FMT6 0 592202500435902467 1
FMT6 0 592998281757626370 1
FMT6 0 592735001885675520 1
FMT6 0 595585179080523776 1
FMT6 0 592644258122739712 1
FMT6 0 597051427563950080 1
FMT6 0 591997966010855424 1
FMT6 0 597020126785904640 1
FMT6 0 592273349574811648 1
FMT6 0 592757889535737860 1
FMT6 0 592348644491202560 1
FMT6 0 592387366448312320 1
FMT6 0 592352765415817216 1
FMT6 0 592349624666427392 1
FMT6 0 593877652211105792 1
FMT6 0 592608668165615617 1
FMT6 0 593087048539443200 1
FMT6 0 594524854226817024 1
FMT6 0 594405394774130689 1
FMT6 0 592278726328463360 1
FMT6 0 592324346854514688 1
FMT6 0 592379281008820224 1
FMT6 0 592206738507440128 1
FMT6 0 594600830679916544 1
FMT6 0 592632857543053312 1
FMT6 0 592358725773430785 1
FMT6 0 595143587827822592 1
FMT6 0 595864859935248385 1
FMT6 0 594887291014897665 1
FMT6 0 592306614092308480 1
FMT6 0 592296369060073473 1
FMT6 0 595337673612529664 1
FMT6 0 596607993568858112 1
FMT6 0 592340100538761217 1
FMT6 0 592302665280786432 1
FMT6 0 595918925184897024 1
FMT6 0 592254742979444736 1
FMT6 0 592033253781037056 1
FMT6 0 592523979874697216 1
FMT6 0 596041706421690369 1
FMT6 0 593802753039699969 1
FMT6 0 592230594920058880 1
FMT6 0 595145757654589441 1
FMT6 0 592215372582891520 1
FMT6 0 593227012904341504 1
FMT6 0 594890046836178945 1
FMT6 0 592346935626838016 1
FMT6 0 593209691745857536 1
FMT6 0 592486865535520768 1
FMT6 0 594848076092874754 1
FMT6 0 594782610749919233 1
FMT6 0 592070285676847104 1
FMT6 0 591983557666414592 1
FMT6 0 592190504470589440 1
FMT6 0 592382796355604481 1
FMT6 0 593779425373597696 1
FMT6 0 592911552308740096 1
FMT6 0 592347374044852224 1
FMT6 0 594844680292069376 1
FMT6 0 594124853453553666 1
FMT6 0 592524826415206400 1
FMT6 0 592949736946040833 1
FMT6 0 592632018766307328 1
FMT6 0 592799529260457985 1
FMT6 0 592361115926966272 1
FMT6 0 592341280103014401 1
FMT6 0 592386331898052609 1
FMT6 0 592369004620066816 1
FMT6 0 596922719658119168 1
FMT6 0 596978732591513600 1
FMT6 0 593246205565513729 1
FMT6 0 595264396307271681 1
FMT6 0 592379938793095168 1
FMT6 0 592379576581402624 1
FMT6 0 593402626101932032 1
FMT6 0 592052776701571072 1
FMT6 0 593779898650505216 1
FMT6 0 596383378133258240 1
FMT6 0 597310161074524160 1
FMT6 0 593328423306563585 1
FMT6 0 592191451674476544 1
FMT6 0 595131462090764288 1
FMT6 0 592379519350087681 1
FMT6 0 593647654808080384 1
FMT6 0 594747325181988866 1
FMT6 0 592159197174697985 1
FMT6 0 592724522878504960 1
FMT6 0 592296083272826880 1
FMT6 0 594184306890702848 1
FMT6 0 592327830081437696 1
FMT6 0 593347998563717120 1
FMT6 0 596952976461275136 1
FMT6 0 595425433681813504 1
FMT6 0 592366584854786048 1
FMT6 0 592206943701184512 1
FMT6 0 591991005248782336 1
FMT6 0 594065828468916224 1
FMT6 0 592393742767628288 1
FMT6 0 594894116590227456 1
FMT6 0 592322496025624576 1
FMT6 0 592316812424937473 1
FMT6 0 593640164364132353 1
FMT6 0 593377543606050817 1
FMT6 0 596331483356270592 1
FMT6 0 594415382129037312 1
FMT6 0 592233154699624448 1
FMT6 0 597328923102318592 1
FMT6 0 592005202816827392 1
FMT6 0 592341643623272450 1
FMT6 0 595217042309001216 1
FMT6 0 593435448984244224 1
FMT6 0 593363936004546560 1
FMT6 0 592593054516674560 1
FMT6 0 594096352650362880 1
FMT6 0 592004040961069057 1
FMT6 0 593166121739657216 1
FMT6 0 592318876496474116 1
FMT6 0 592620626185093120 1
FMT6 0 596338923061653504 1
FMT6 0 591999421975396352 1
FMT6 0 595099072970752001 1
FMT6 0 592565775325532161 1
FMT6 0 592279031594123264 1
FMT6 0 597072588762779649 1
FMT6 0 592371734801580032 1
FMT6 0 593393909234929665 1
FMT6 0 591979126350741505 1
FMT6 0 593192670882877440 1
FMT6 0 595260783161974785 1
FMT6 0 597257966895517696 1
FMT6 0 592607636459225088 1
FMT6 0 592326419528568832 1
FMT6 0 594453243910033408 1
FMT6 0 593693840206266368 1
FMT6 0 593097305340936192 1
FMT6 0 593720953949048832 1
FMT6 0 595148422547542016 1
FMT6 0 595423952392060929 1
FMT6 0 594513188462403584 1
FMT6 0 592394851196403712 1
FMT6 0 592353790520528896 1
FMT6 0 595578276069781504 1
FMT6 0 592208444402208768 1
FMT6 0 593799776585420800 1
FMT6 0 593481081422217217 1
FMT6 0 592542775834324992 1
FMT6 0 592349969497116672 1
FMT6 0 594265168315555884 1
FMT6 0 592372761378430977 1
FMT6 0 593437068296060929 1
FMT6 0 594460867569192960 1
FMT6 0 592323852610371584 1
FMT6 0 597055457836957696 1
FMT6 0 594601730442067968 1
FMT6 0 594846621923291136 1
FMT6 0 592212280239988736 1
FMT6 0 595207791863799808 1
FMT6 0 594428501563822081 1
FMT6 0 592363814370222080 1
FMT6 0 592394729469317120 1
FMT6 0 595435277109329920 1
FMT6 0 596455223087894529 1
FMT6 0 594266572224532480 1
FMT6 0 592926318070665217 1
FMT6 0 595671242323144704 1
FMT6 0 592233687825055745 1
FMT6 0 591991403783159808 1
FMT6 0 592066101166616577 1
FMT6 0 592336698073358336 1
FMT6 0 595879644127227904 1
FMT6 0 592367062657343488 1
FMT6 0 592247872919183361 1
FMT6 0 592992704990224384 1
FMT6 0 597057663424450560 1
FMT6 0 595300162366406657 1
FMT6 0 594182537603231744 1
FMT6 0 592393013843795968 1
FMT6 0 592610036033015808 1
FMT6 0 593092064151097346 1
FMT6 0 594338636151263232 1
FMT6 0 592306630466740225 1
FMT6 0 592000050017882112 1
FMT6 0 596002624672960512 1
FMT6 0 592580103969722368 1
FMT6 0 592539289398812672 1
FMT6 0 592961055170560000 1
FMT6 0 592923769900912640 1
FMT6 0 595811020326703104 1
FMT6 0 595170760890707968 1
FMT6 0 595521487039111168 1
FMT6 0 591999588766228482 1
FMT6 0 592653722947362816 1
FMT6 0 595582586254192640 1
FMT6 0 594335644849033217 1
FMT6 0 592237757226881025 1
FMT6 0 592394905571307520 1
FMT6 0 592379078344249344 1
FMT6 0 593178065209032704 1
FMT6 0 592386663768203265 1
FMT7 0 592139574266044416 1
FMT7 0 594551275766685696 1
FMT7 0 592730683640041475 1
FMT7 0 594798304396857344 1
FMT7 0 592653978204241920 1
FMT7 0 594092312692531200 1
FMT7 0 592939809535963136 1
FMT7 0 592250138451578880 1
FMT7 0 596689417252638720 1
FMT7 0 596712985852149761 1
FMT7 0 594000310965805056 1
FMT7 0 593874571805069312 1
FMT7 0 595867762276241408 1
FMT7 0 592730106411507715 1
FMT7 0 593389423603150849 1
FMT7 0 592157346899558400 1
FMT7 0 595397996633726976 1
FMT7 0 592995010993205248 1
FMT7 0 594907562136436736 1
FMT7 0 596222710352482304 1
FMT7 0 595521015205224448 1
FMT7 0 594068132144160768 1
FMT7 0 593341793653096448 1
FMT7 0 596534993293303809 1
FMT7 0 593387024406556674 1
FMT7 0 592552801546305536 1
FMT7 0 592350787847659521 1
FMT7 0 595504510824423424 1
FMT7 0 594675374866464768 1
FMT7 0 593027039680024576 1
FMT7 0 596873039918202881 1
FMT7 0 595233640264564736 1
FMT7 0 592571835096682497 1
FMT7 0 596029388321198080 1
FMT7 0 592653263998181376 1
FMT7 0 595204176092606464 1
FMT7 0 595204535317991424 1
FMT7 0 594713987553431553 1
FMT7 0 595833821276299265 1
FMT7 0 592574956115857408 1
FMT7 0 596909125889630208 1
FMT7 0 593240006975590401 1
FMT7 0 592318616399319041 1
FMT7 0 593054267071672322 1
FMT7 0 594385465500934144 1
FMT7 0 592624125119627265 1
FMT7 0 594709907791720448 1
FMT7 0 593030622743908352 1
FMT7 0 594793589772652544 1
FMT7 0 592976425407250432 1
FMT7 0 593104706425106432 1
FMT7 0 594898968888283136 1
FMT7 0 596937866724257792 1
FMT7 0 592738844581240834 1
FMT7 0 594463830534541313 1
FMT7 0 597389783732649985 1
FMT7 0 595527661620858880 1
FMT7 0 594361637987028992 1
FMT7 0 594892511983734784 1
FMT7 0 592567784091037698 1
FMT7 0 595232751638351873 1
FMT7 0 592709764997611521 1
FMT7 0 593441956044218368 1
FMT7 0 592286342073028608 1
FMT7 0 592625049984585728 1
FMT7 0 592596334684852224 1
FMT7 0 595078989997150208 1
FMT7 0 592579948541415424 1
FMT7 0 592952957563379712 1
FMT7 0 594856382924333056 1
FMT7 0 593098403086643200 1
FMT7 0 593697911294267392 1
FMT7 0 593291481458184192 1
FMT7 0 593138375563079681 1
FMT7 0 593254950878064642 1
FMT7 0 592550132702322688 1
FMT7 0 594793305642176512 1
FMT7 0 592909110821158913 1
FMT7 0 596962356539731973 1
FMT7 0 595112640105586689 1
FMT7 0 593211479245062145 1
FMT7 0 595180785801555970 1
FMT7 0 594716911331635201 1
FMT7 0 593449625522016256 1
FMT7 0 595319054384144385 1
FMT7 0 593944754427158528 1
FMT7 0 595957671401885697 1
FMT7 0 592355188909875200 1
FMT7 0 593240387453472768 1
FMT7 0 595571952888119296 1
FMT7 0 594075514404409345 1
FMT7 0 592702894685691904 1
FMT7 0 593140950769119233 1
FMT7 0 593281974891978752 1
FMT7 0 595168002712043521 1
FMT7 0 594011472344264706 1
FMT7 0 593274593420283904 1
FMT7 0 592629299326361600 1
FMT7 0 592713402650333185 1
FMT7 0 593604036487708673 1
FMT7 0 593096681811390464 1
FMT7 0 596568021570748418 1
FMT7 0 594712740498771969 1
FMT7 0 593670491178541057 1
FMT7 0 592712871424958464 1
FMT7 0 593734020069920768 1
FMT7 0 593382196339027968 1
FMT7 0 592964592218734592 1
FMT7 0 593975751243747329 1
FMT7 0 592867895392206849 1
FMT7 0 595940657686040576 1
FMT7 0 592978919281692672 1
FMT7 0 595589820396785664 1
FMT7 0 592654511111536640 1
FMT7 0 592853169878790146 1
FMT7 0 595432380334252032 1
FMT7 0 596340197605912576 1
FMT7 0 593398215908679680 1
FMT7 0 592594537232629760 1
FMT7 0 592760429945999362 1
FMT7 0 593308360071512064 1
FMT7 0 592022722437218304 1
FMT7 0 593829815674769409 1
FMT7 0 592651576415653890 1
FMT7 0 593239828457652224 1
FMT7 0 597002247566925824 1
FMT7 0 594086483948019712 1
FMT7 0 592919222952402944 1
FMT7 0 597080746508099585 1
FMT7 0 596383398475608064 1
FMT7 0 592610607255277568 1
FMT7 0 593628736408440832 1
FMT7 0 595592635894669312 1
FMT7 0 593734296860495873 1
FMT7 0 595414168221700096 1
FMT7 0 592189847936180225 1
FMT7 0 596925282029686784 1
FMT7 0 592654216453365760 1
FMT7 0 595856918171758593 1
FMT7 0 592657625063514114 1
FMT7 0 593016221957685249 1
FMT7 0 593485449827635201 1
FMT7 0 595437998264619008 1
FMT7 0 595006330093457408 1
FMT7 0 596009505428676608 1
FMT7 0 593054853573713920 1
FMT7 0 595943612166180864 1
FMT7 0 591995052169105408 1
FMT7 0 593676794659610625 1
FMT7 0 591978910713139202 1
FMT7 0 593023770077634561 1
FMT7 0 592182148422979584 1
FMT7 0 593826125714948096 1
FMT7 0 593434895994728449 1
FMT7 0 595015628034940928 1
FMT7 0 592598491706232832 1
FMT7 0 592813764866646017 1
FMT7 0 596082723409797120 1
FMT7 0 593676231670763521 1
FMT7 0 594795386146959361 1
FMT7 0 593670209472442368 1
FMT7 0 596539933319245824 1
FMT7 0 596509284256493571 1
FMT7 0 593001366680834048 1
FMT7 0 595107198054866945 1
FMT7 0 594325981130719232 1
FMT7 0 597003041083035650 1
FMT7 0 592691334743465984 1
FMT7 0 593663355677646848 1
FMT7 0 594907514136862722 1
FMT7 0 593383838677540864 1
FMT7 0 594504576910299136 1
FMT7 0 597134303332409344 1
FMT7 0 593678197448781825 1
FMT7 0 593415350034661376 1
FMT7 0 596003725807845376 1
FMT7 0 596551637902163968 1
FMT7 0 596282339895848960 1
FMT7 0 596009252788932608 1
FMT7 0 593389703337943040 1
FMT7 0 595505421005099008 1
FMT7 0 592287122192609280 1
FMT7 0 592901901479505920 1
FMT7 0 592930697767165952 1
FMT7 0 593402934181928960 1
FMT7 0 592764389574443008 1
FMT7 0 592580854708195328 1
FMT7 0 595584108803313664 1
FMT7 0 592653639233249280 1
FMT7 0 595568964677283840 1
FMT7 0 592349024574840834 1
FMT7 0 594945285526171648 1
FMT7 0 592378624726052864 1
FMT7 0 597389531638210560 1
FMT7 0 593706899293343744 1
FMT7 0 593674415721742337 1
FMT7 0 592908348963561472 1
FMT7 0 592650977926377473 1
FMT7 0 593106608437071873 1
FMT7 0 594668024201805824 1
FMT7 0 595256356707270656 1
FMT7 0 595075907997421569 1
FMT7 0 594400629843308544 1
FMT7 0 592685803240828928 1
FMT7 0 593101987299913729 1
FMT7 0 597414816144236544 1
FMT7 0 595803090663710720 1
FMT7 0 593652256051843072 1
FMT7 0 595059290005590016 1
FMT7 0 595495336631619584 1
FMT7 0 592913703160287232 1
FMT7 0 593010224425873410 1
FMT7 0 592216232264216577 1
FMT7 0 594792718989156353 1
FMT7 0 592913442828193793 1
FMT7 0 595287979675033600 1
FMT7 0 592715678253191170 1
FMT7 0 592014898785230848 1
FMT7 0 595176521188438016 1
FMT7 0 595574347961532416 1
FMT7 0 592857386651639808 1
FMT7 0 592034145645121536 1
FMT7 0 592567899157475328 1
FMT7 0 593471359457583104 1
FMT7 0 593486112980606976 1
FMT7 0 593645614224793600 1
FMT7 0 597390543002443777 1
FMT7 0 594068153275023361 1
FMT7 0 592917869224194048 1
FMT7 0 595910622778392576 1
FMT7 0 593102683881414656 1
FMT7 0 594898662729256960 1
FMT7 0 594879109320192001 1
FMT7 0 594031313478356992 1
FMT7 0 594263725479043073 1
FMT7 0 594797144512434176 1
FMT7 0 592332812251889664 1
FMT7 0 595257237859213312 1
FMT7 0 593068678448545793 1
FMT7 0 592778282011107332 1
FMT7 0 594723373017477120 1
FMT7 0 595961086353887234 1
FMT7 0 594190375016861696 1
FMT7 0 592651851604086784 1
FMT7 0 596925982256148481 1
FMT7 0 595351463066406912 1
FMT7 0 592389952530350080 1
FMT7 0 592302286224756736 1
FMT7 0 592880593664376832 1
FMT7 0 592204578923352064 1
FMT7 0 592637066585899008 1
FMT7 0 593173932062208000 1
FMT7 0 592734278947053568 1
FMT7 0 593448591286411264 1
